0.639558732509613,0.3271598517894745,0.49459704756736755,0.46210771799087524
0.551426887512207,0.6158315539360046,0.25034797191619873,0.5265873670578003
0.5451459884643555,0.769635021686554,0.41098546981811523,0.1943148374557495
0.2242777794599533,0.44998952746391296,0.16586866974830627,0.3229653239250183
0.8031119704246521,0.5881351828575134,0.1354994773864746,0.22343766689300537
0.5505125522613525,0.4560948610305786,0.8583858013153076,0.8328630924224854
0.426851749420166,0.5726609826087952,0.7746446132659912,0.27537837624549866
0.6752696633338928,0.5119032859802246,0.6288845539093018,0.8024377822875977
0.5037246942520142,0.5067905783653259,0.9834504127502441,0.9760998487472534
0.5142021179199219,0.5,0.2602022886276245,1.0
0.375164270401001,0.6118642091751099,0.24063646793365479,0.4648752212524414
0.42332035303115845,0.48886948823928833,0.8185684680938721,0.9613665342330933
0.5416160821914673,0.6327357888221741,0.8325822353363037,0.40185341238975525
0.26140204071998596,0.5395108461380005,0.15944306552410126,0.271565318107605
0.5868938565254211,0.6643961071968079,0.754143476486206,0.6060340404510498
0.4370783567428589,0.7780601978302002,0.3454301357269287,0.4284096956253052
0.32885390520095825,0.443037748336792,0.6381365060806274,0.7592244148254395
0.6918229460716248,0.4106317162513733,0.13274753093719482,0.27657759189605713
0.4627332091331482,0.494682252407074,0.9035664796829224,0.9336415529251099
0.3459644317626953,0.49175795912742615,0.6816551685333252,0.743416965007782
0.6084153652191162,0.46920710802078247,0.7530295848846436,0.5995372533798218
0.5422542095184326,0.70823073387146,0.5914695262908936,0.5662989616394043
0.39249616861343384,0.7629514932632446,0.3381616175174713,0.15855395793914795
0.5773472785949707,0.774971067905426,0.37753772735595703,0.45005786418914795
0.3644333779811859,0.7153194546699524,0.16769611835479736,0.24403893947601318
0.4204133450984955,0.4624374806880951,0.8222779631614685,0.9248749613761902
0.48227161169052124,0.4295111298561096,0.6249146461486816,0.8498045206069946
0.2384120225906372,0.7150710225105286,0.4768240451812744,0.427126407623291
0.4950721859931946,0.5349186658859253,0.9901443719863892,0.9024419784545898
0.3360685110092163,0.6832106113433838,0.11637961864471436,0.10426485538482666
0.5087703466415405,0.38761305809020996,0.13552644848823547,0.5145132541656494
0.604220449924469,0.7122048735618591,0.10159897804260254,0.44401752948760986
0.8232518434524536,0.28772062063217163,0.2199234962463379,0.5754412412643433
0.4144498109817505,0.41677892208099365,0.4285275936126709,0.7835941314697266
0.17041200399398804,0.8489401936531067,0.2057121992111206,0.18226146697998047
0.5239889025688171,0.5706665515899658,0.8776475191116333,0.5992783308029175
0.5490505695343018,0.31889212131500244,0.4279305934906006,0.6377842426300049
0.4003385901451111,0.3552578091621399,0.7597163915634155,0.4280768632888794
0.8155710101127625,0.4678887128829956,0.2733978033065796,0.38647568225860596
0.4921785593032837,0.814933180809021,0.899707555770874,0.27974867820739746
0.46438926458358765,0.549055814743042,0.9287785291671753,0.7098069190979004
0.5398668050765991,0.6199270486831665,0.9138312339782715,0.7407515048980713
0.13183222711086273,0.48366037011146545,0.14719703793525696,0.25247806310653687
0.3550718128681183,0.7045295834541321,0.20307248830795288,0.19861829280853271
0.28814059495925903,0.6489235162734985,0.5348695516586304,0.6785333156585693
0.5114418268203735,0.4047567844390869,0.6723630428314209,0.7967424392700195
0.42525508999824524,0.6429112553596497,0.5251163840293884,0.49175918102264404
0.2952362895011902,0.28329649567604065,0.06801354885101318,0.15665477514266968
0.40650060772895813,0.4709498882293701,0.4978206753730774,0.8859589099884033
0.46622592210769653,0.8731822371482849,0.9324518442153931,0.21027672290802002
0.2744816541671753,0.5,0.5098817348480225,1.0
0.7819578051567078,0.5458574295043945,0.4299945831298828,0.9082851409912109
0.7583217024803162,0.6321147084236145,0.4833565950393677,0.5945383310317993
0.7124149799346924,0.6051426529884338,0.5616047382354736,0.7897146940231323
0.3021458387374878,0.3676025867462158,0.5925276279449463,0.5261316299438477
0.49018847942352295,0.7280575633049011,0.7059097290039062,0.5438848733901978
0.48738163709640503,0.47585350275039673,0.24489939212799072,0.4877896308898926
0.49464094638824463,0.46441328525543213,0.9892818927764893,0.9007699489593506
0.4072284698486328,0.511286735534668,0.19043806195259094,0.23292207717895508
0.4901942312717438,0.45873475074768066,0.9803884625434875,0.891850471496582
0.5905668139457703,0.5832256078720093,0.5076740980148315,0.5061593055725098
0.474211722612381,0.4661983847618103,0.7446615099906921,0.6700001955032349
0.44397661089897156,0.24137915670871735,0.20338326692581177,0.22965994477272034
0.5026318430900574,0.5423102974891663,0.43592560291290283,0.7051612138748169
0.5691505074501038,0.7648059129714966,0.15206694602966309,0.4092133045196533
0.8499442338943481,0.6476449966430664,0.2979789972305298,0.4190788269042969
0.49080443382263184,0.5729285478591919,0.12680581212043762,0.18363359570503235
0.7596663236618042,0.48798996210098267,0.3787519931793213,0.4853614568710327
0.5009298324584961,0.48187196254730225,0.21430769562721252,0.16208192706108093
0.6657697558403015,0.3875642418861389,0.541319727897644,0.7651779651641846
0.6250341534614563,0.4688713252544403,0.6904786825180054,0.46432965993881226
0.40442267060279846,0.35988521575927734,0.4624328017234802,0.4524800777435303
0.5353591442108154,0.42754679918289185,0.49119317531585693,0.436314195394516
0.46927863359451294,0.44516050815582275,0.8967410326004028,0.82341468334198
0.4456918239593506,0.4435847997665405,0.8003630638122559,0.887169599533081
0.44225171208381653,0.5099015235900879,0.37126773595809937,0.363650918006897
0.510054886341095,0.35395002365112305,0.42500972747802734,0.47562238574028015
0.2071610689163208,0.2784320116043091,0.3884841203689575,0.5568640232086182
0.37971562147140503,0.3954707980155945,0.6531422138214111,0.5654791593551636
0.5613112449645996,0.5277950763702393,0.4573777914047241,0.9444098472595215
0.5,0.5998954176902771,1.0,0.6780775785446167
0.42532962560653687,0.5982204675674438,0.20344963669776917,0.18336522579193115
0.46838343143463135,0.46910005807876587,0.6180154085159302,0.7422667741775513
0.3874874413013458,0.5690364837646484,0.21326464414596558,0.2233414649963379
0.5394303798675537,0.6124518513679504,0.7804968357086182,0.5407854318618774
0.5713396072387695,0.4601437747478485,0.32033470273017883,0.5839219689369202
0.5904775261878967,0.739814817905426,0.34141719341278076,0.39244139194488525
0.5056198835372925,0.4950084984302521,0.6941871643066406,0.8684919476509094
0.5094581842422485,0.48624467849731445,0.9654464721679688,0.9724506139755249
0.4801443815231323,0.5715417265892029,0.4031052589416504,0.5906115770339966
0.7511307001113892,0.34801000356674194,0.19579386711120605,0.17113852500915527
0.45904970169067383,0.2792600393295288,0.8305925130844116,0.4905717670917511
0.6140545010566711,0.4369281530380249,0.36162447929382324,0.2671912908554077
0.6164054274559021,0.2650251090526581,0.47506800293922424,0.5300502181053162
0.6919302344322205,0.33815059065818787,0.49889039993286133,0.6271358132362366
0.7139022350311279,0.3177192211151123,0.3686257600784302,0.5564610958099365
0.8312636017799377,0.16999180614948273,0.15495967864990234,0.20794734358787537
0.3452474772930145,0.6614736318588257,0.2616763710975647,0.21321845054626465
0.4889095723628998,0.48363178968429565,0.2518083453178406,0.24132630228996277
0.4520285427570343,0.5278328061103821,0.23123663663864136,0.2348949909210205
0.21975843608379364,0.538524329662323,0.14870789647102356,0.20612061023712158
0.5217673778533936,0.4306519627571106,0.2753666639328003,0.7179163694381714
0.6669579744338989,0.5393899083137512,0.27959656715393066,0.3036174774169922
0.48548781871795654,0.31239473819732666,0.5075016021728516,0.6247894763946533
0.3646172881126404,0.6279587149620056,0.7292345762252808,0.6516579389572144
0.3784179091453552,0.44655346870422363,0.3813144266605377,0.8598244190216064
0.16968804597854614,0.5085316896438599,0.32411694526672363,0.982936680316925
0.5007058382034302,0.6820903420448303,0.11562183499336243,0.2431635856628418
0.46683549880981445,0.45475268363952637,0.24536177515983582,0.3349348306655884
0.5173560976982117,0.6237667798995972,0.3447688817977905,0.33467695116996765
0.35504835844039917,0.31632351875305176,0.3295062482357025,0.27525049448013306
0.33023449778556824,0.32705122232437134,0.2388170212507248,0.31951630115509033
0.7076656222343445,0.6447589993476868,0.2513906955718994,0.41588830947875977
0.440223753452301,0.55684494972229,0.35855424404144287,0.5992872714996338
0.7512227296829224,0.6187549233436584,0.40640437602996826,0.6204322576522827
0.4434521198272705,0.49639105796813965,0.24338796734809875,0.5984805822372437
0.32399964332580566,0.3841038942337036,0.5015232563018799,0.6372760534286499
0.1350821852684021,0.38190650939941406,0.25456929206848145,0.2737283408641815
0.4832032322883606,0.5962174534797668,0.3373548090457916,0.4007645547389984
0.43171194195747375,0.49231022596359253,0.23847991228103638,0.32710394263267517
0.4044729471206665,0.5864461064338684,0.28521502017974854,0.4694572687149048
0.43850868940353394,0.47060030698776245,0.3062053620815277,0.21635198593139648
0.46332985162734985,0.4629727005958557,0.3644026219844818,0.5154755115509033
0.5221691727638245,0.5458694100379944,0.3056464195251465,0.2911587953567505
0.5042859315872192,0.3540946841239929,0.26737844944000244,0.6017940044403076
0.40300044417381287,0.5117053985595703,0.2143957018852234,0.3607250452041626
0.6765584945678711,0.5659873485565186,0.31898629665374756,0.724394679069519
0.3744901418685913,0.4694696068763733,0.49385330080986023,0.6640037298202515
0.6404989957809448,0.4945410490036011,0.3206581771373749,0.5753381252288818
0.40411001443862915,0.3947306275367737,0.5857698917388916,0.7434302568435669
0.6176669597625732,0.49045056104660034,0.5681552886962891,0.8614286184310913
0.43413016200065613,0.47706061601638794,0.6999402642250061,0.7615383863449097
0.29951125383377075,0.6939870715141296,0.18471580743789673,0.20130789279937744
0.5096011161804199,0.6266136765480042,0.20897233486175537,0.49356088042259216
0.4497717022895813,0.5920862555503845,0.40575218200683594,0.2921963930130005
0.442976713180542,0.7353954315185547,0.46815088391304016,0.3298987150192261
0.611059844493866,0.6855356693267822,0.3217644691467285,0.5390210151672363
0.747865617275238,0.6575093269348145,0.3312321901321411,0.4446471035480499
0.4755541980266571,0.22059282660484314,0.3529413342475891,0.40192240476608276
0.25711220502853394,0.3823277950286865,0.17142045497894287,0.3226041793823242
0.5104666948318481,0.6371490955352783,0.29644468426704407,0.3307175636291504
0.49235621094703674,0.35794782638549805,0.4309379458427429,0.6176674365997314
0.6923164129257202,0.4036251902580261,0.4173685312271118,0.5540052652359009
0.5511564016342163,0.32577958703041077,0.5138024091720581,0.6515591740608215
0.5236062407493591,0.5837883949279785,0.2024785578250885,0.34067490696907043
0.7333786487579346,0.660390317440033,0.5280060768127441,0.5581696033477783
0.5070603489875793,0.7423092126846313,0.14733996987342834,0.3789067268371582
0.5502286553382874,0.4048616588115692,0.2913073003292084,0.31842273473739624
0.5438071489334106,0.47308772802352905,0.66078782081604,0.7127207517623901
0.5690616965293884,0.6413344144821167,0.23366662859916687,0.5288039445877075
0.5552762746810913,0.5690943002700806,0.35922181606292725,0.43060266971588135
0.5201676487922668,0.4948517084121704,0.6134238243103027,0.6486246585845947
0.5360548496246338,0.4022682309150696,0.33667609095573425,0.44469818472862244
0.5087215900421143,0.35133859515190125,0.4167182147502899,0.7026771903038025
0.5233234763145447,0.4283236861228943,0.6636070013046265,0.8566473722457886
0.5084866285324097,0.6141268610954285,0.508449912071228,0.43841806054115295
0.5690450668334961,0.48509591817855835,0.4068845510482788,0.9301503896713257
0.6168789267539978,0.5902271866798401,0.2574549615383148,0.44657790660858154
0.2642984986305237,0.3186880648136139,0.25373995304107666,0.6373761296272278
0.40950801968574524,0.5443392992019653,0.5291476845741272,0.4276929199695587
0.31229865550994873,0.27211254835128784,0.25747203826904297,0.4961165189743042
0.5231578350067139,0.3179267644882202,0.826027512550354,0.6021690368652344
0.5183668732643127,0.5321906208992004,0.24706348776817322,0.2924809455871582
0.6529866456985474,0.29485392570495605,0.33873555064201355,0.4120211601257324
0.47643885016441345,0.5240893959999084,0.25434285402297974,0.4783603250980377
0.3852859437465668,0.36295589804649353,0.210149884223938,0.33536893129348755
0.5649871230125427,0.5714781284332275,0.36373233795166016,0.5166727304458618
0.3582312762737274,0.4444722533226013,0.27940183877944946,0.7656842470169067
0.6374861001968384,0.516861081123352,0.4832981824874878,0.6363903284072876
0.46902039647102356,0.6571914553642273,0.36270540952682495,0.45401740074157715
0.47643885016441345,0.5240893959999084,0.25434285402297974,0.4783603250980377
0.7641443610191345,0.37290316820144653,0.12467265129089355,0.2859710454940796
0.4798170030117035,0.4899240732192993,0.4412500262260437,0.44097161293029785
0.4798170030117035,0.4899240732192993,0.4412500262260437,0.44097161293029785
0.28284552693367004,0.7380771040916443,0.23239116370677948,0.15903449058532715
0.5200064182281494,0.3963351249694824,0.35333991050720215,0.7926702499389648
0.5625243186950684,0.3352315425872803,0.3736366927623749,0.5185694694519043
0.628158688545227,0.38990509510040283,0.22125303745269775,0.3783867657184601
0.5713961720466614,0.6251035332679749,0.17360377311706543,0.22362220287322998
0.3521667718887329,0.5293297171592712,0.5284256935119629,0.6770673990249634
0.3927421569824219,0.34144240617752075,0.4248087406158447,0.6828848123550415
0.4457278251647949,0.37409359216690063,0.5473796129226685,0.7316392660140991
0.5194572806358337,0.5171065926551819,0.8233251571655273,0.9203263521194458
0.2530580163002014,0.37933436036109924,0.23976635932922363,0.4669104218482971
0.5982657670974731,0.142054483294487,0.09483730792999268,0.20927321910858154
0.6802953481674194,0.5192424058914185,0.16368627548217773,0.34148910641670227
0.6756108403205872,0.5289027094841003,0.5636935234069824,0.8852821588516235
0.4829040765762329,0.5507481694221497,0.6565148830413818,0.7486785650253296
0.12197373807430267,0.19634757936000824,0.05624116212129593,0.1375637948513031
0.44771677255630493,0.3468492031097412,0.11243835091590881,0.22244668006896973
0.6629119515419006,0.42748573422431946,0.09690392017364502,0.20391517877578735
0.5476118326187134,0.3633432686328888,0.08367645740509033,0.16694104671478271
0.482745498418808,0.1375293731689453,0.07441681623458862,0.12821757793426514
0.639835774898529,0.36008453369140625,0.12090504169464111,0.22169309854507446
0.8373835682868958,0.40525272488594055,0.0737079381942749,0.09115612506866455
0.3857862055301666,0.6251699328422546,0.30770784616470337,0.2304975986480713
0.5050739049911499,0.43510353565216064,0.7652571201324463,0.839911699295044
0.4892110824584961,0.40058350563049316,0.960076093673706,0.7670327425003052
0.3909754157066345,0.42643260955810547,0.15343374013900757,0.30083009600639343
0.5037459135055542,0.37594690918922424,0.11195850372314453,0.4063794016838074
0.34523987770080566,0.5329124927520752,0.6630980968475342,0.7136979103088379
0.49268704652786255,0.5584706664085388,0.9741266965866089,0.8421870470046997
0.6570878028869629,0.34149619936943054,0.6151165962219238,0.4379339814186096
0.525955319404602,0.3461264371871948,0.4761101007461548,0.41450878977775574
0.5650655627250671,0.4705122709274292,0.7798999547958374,0.9093570709228516
0.46503329277038574,0.3544340133666992,0.631279706954956,0.6616034507751465
0.5388780832290649,0.5005063414573669,0.864372730255127,0.8825656175613403
0.5311989784240723,0.6582365036010742,0.34074532985687256,0.31309592723846436
0.5110749006271362,0.4428958296775818,0.4967692196369171,0.8300942182540894
0.479632169008255,0.4501965641975403,0.5295658707618713,0.8436468839645386
0.44257113337516785,0.47534486651420593,0.8731538653373718,0.7895644307136536
0.6777738928794861,0.8800435066223145,0.2846747636795044,0.21319997310638428
0.7046332955360413,0.8760465979576111,0.32277846336364746,0.24572968482971191
0.648986279964447,0.45713162422180176,0.19537055492401123,0.7945356369018555
0.5529465675354004,0.615562379360199,0.8420329093933105,0.7311059236526489
0.4831688702106476,0.41733449697494507,0.9663377404212952,0.8346689939498901
0.6370614171028137,0.5287109613418579,0.5755208730697632,0.3366856873035431
0.5107101798057556,0.6680339574813843,0.05847904086112976,0.16259801387786865
0.5977907776832581,0.6851487755775452,0.703507661819458,0.6297024488449097
0.4992378056049347,0.3918426036834717,0.6267233490943909,0.7068030834197998
0.7922108173370361,0.5378863215446472,0.3786036968231201,0.40955114364624023
0.7272462248802185,0.3311343789100647,0.2016923427581787,0.21018022298812866
0.7205930948257446,0.6719249486923218,0.18226885795593262,0.21767258644104004
0.3921593427658081,0.6116838455200195,0.482138991355896,0.5068188905715942
0.6810334324836731,0.6105174422264099,0.5298935174942017,0.5571280717849731
0.48947441577911377,0.5385786294937134,0.2361626923084259,0.16783499717712402
0.8517412543296814,0.645110547542572,0.29517436027526855,0.4331871271133423
0.8153568506240845,0.434376984834671,0.3692862391471863,0.6000390648841858
0.5363396406173706,0.5704659819602966,0.5906326770782471,0.29499006271362305
0.661994993686676,0.7298031449317932,0.41395139694213867,0.5057424306869507
0.48766690492630005,0.5568912029266357,0.9753338098526001,0.8559610843658447
0.5168688893318176,0.5747612714767456,0.7800852060317993,0.3960759937763214
0.4954233169555664,0.4920840263366699,0.23704937100410461,0.2790997326374054
0.4433916211128235,0.7361471652984619,0.8317807912826538,0.3898845911026001
0.3531372547149658,0.3233919143676758,0.4897373914718628,0.5316570997238159
0.8389157652854919,0.48722583055496216,0.2813774347305298,0.4087565839290619
0.5775949954986572,0.303077757358551,0.8263092041015625,0.606155514717102
0.2978464365005493,0.7736216187477112,0.5956928730010986,0.3998764753341675
0.7028653025627136,0.5983507633209229,0.5516656637191772,0.7756459712982178
0.6498315930366516,0.5250602960586548,0.23196637630462646,0.3855081796646118
0.3862662613391876,0.384656697511673,0.1382792592048645,0.19677448272705078
0.4807933568954468,0.42319929599761963,0.9021563529968262,0.721703290939331
0.4367731511592865,0.5726234316825867,0.0835878849029541,0.08558547496795654
0.5904407501220703,0.6189300417900085,0.4393622875213623,0.4434340000152588
0.5070729851722717,0.3682835102081299,0.5974773168563843,0.6503751277923584
0.488025426864624,0.5918799638748169,0.976050853729248,0.6101856231689453
0.4899415075778961,0.5155788660049438,0.6844738125801086,0.6919105052947998
0.7110633254051208,0.6028932929039001,0.5681720972061157,0.7942134141921997
0.45038658380508423,0.6016830205917358,0.720477819442749,0.5376172065734863
0.5594810247421265,0.6139150261878967,0.8810378909111023,0.7078253030776978
0.42911413311958313,0.7379354238510132,0.19387656450271606,0.2548884153366089
0.48964881896972656,0.5598706007003784,0.19155952334403992,0.20631623268127441
0.7603287100791931,0.5173117518424988,0.14104044437408447,0.313305139541626
0.5415656566619873,0.6761254072189331,0.2694509029388428,0.1658313274383545
0.5514938831329346,0.5040261149406433,0.8970122337341309,0.6557892560958862
0.4614122211933136,0.4137386381626129,0.3941226601600647,0.24489206075668335
0.5886033773422241,0.4449421167373657,0.8016711473464966,0.8898842334747314
0.3138796091079712,0.6132021546363831,0.16930580139160156,0.1848459243774414
0.744064450263977,0.5443851351737976,0.1398303508758545,0.30192136764526367
0.4385792016983032,0.43358880281448364,0.8061203956604004,0.7987192869186401
0.373913437128067,0.5121472477912903,0.4319646954536438,0.20057106018066406
0.5,0.4977557361125946,1.0,0.8780904412269592
0.5031725168228149,0.2528853118419647,0.4122422933578491,0.37402552366256714
0.3361649215221405,0.7020901441574097,0.2323804497718811,0.1536351442337036
0.2828478217124939,0.5183845162391663,0.20378363132476807,0.23661956191062927
0.4752970039844513,0.5347365140914917,0.9501299262046814,0.4521618187427521
0.5184134840965271,0.560886025428772,0.2346864938735962,0.5459429025650024
0.5164860486984253,0.47797369956970215,0.5310159921646118,0.36647140979766846
0.8743699789047241,0.7105827927589417,0.25126004219055176,0.33732330799102783
0.17718762159347534,0.4694569408893585,0.3398998975753784,0.4007759690284729
0.5773824453353882,0.7774592638015747,0.3870347738265991,0.44508153200149536
0.482376366853714,0.4964691996574402,0.9620477557182312,0.977124810218811
0.412185400724411,0.6115429401397705,0.29452961683273315,0.22219371795654297
0.6103593707084656,0.5056821703910828,0.5871065855026245,0.3536471128463745
0.557857096195221,0.6251026391983032,0.3209145963191986,0.10073351860046387
0.41517555713653564,0.3925945460796356,0.8113012313842773,0.7851890921592712
0.38737234473228455,0.6328614950180054,0.16842550039291382,0.2503702640533447
0.8225566744804382,0.6934055685997009,0.32693028450012207,0.5941416025161743
0.5335188508033752,0.454367458820343,0.7426496744155884,0.7335578203201294
0.27265027165412903,0.5727700591087341,0.16578030586242676,0.1828867495059967
0.5867172479629517,0.3983520269393921,0.45511505007743835,0.522770881652832
0.6735532283782959,0.4073277711868286,0.6169028282165527,0.7332382202148438
0.4841309189796448,0.6241596937179565,0.20946967601776123,0.20075488090515137
0.520441472530365,0.45627331733703613,0.4190855026245117,0.47017157077789307
0.3478788137435913,0.3867051601409912,0.4137190580368042,0.3963555097579956
0.5054671168327332,0.4063114523887634,0.2566162049770355,0.496407151222229
0.25543007254600525,0.547942042350769,0.5108601450920105,0.2701427936553955
0.24112814664840698,0.4837704002857208,0.47838151454925537,0.4466739296913147
0.4855010211467743,0.667991578578949,0.23765558004379272,0.12298870086669922
0.49666866660118103,0.4244716763496399,0.8447828888893127,0.8308924436569214
0.4839787185192108,0.33609187602996826,0.3013833165168762,0.3663783073425293
0.49503445625305176,0.4808564782142639,0.41701269149780273,0.44407549500465393
0.2662123441696167,0.5,0.5070173740386963,1.0
0.6300522089004517,0.7984116077423096,0.13698899745941162,0.10539579391479492
0.5334408283233643,0.5767314434051514,0.4341893196105957,0.5224044322967529
0.5315941572189331,0.5254257917404175,0.09586584568023682,0.13927388191223145
0.49398884177207947,0.4316784143447876,0.9879776835441589,0.8166627883911133
0.4875293970108032,0.5231738686561584,0.7366671562194824,0.7388192415237427
0.4995128810405731,0.41978585720062256,0.9743450284004211,0.7698342800140381
0.6190918684005737,0.4406660795211792,0.2502511739730835,0.6874620914459229
0.408346951007843,0.4865272045135498,0.723669171333313,0.9705549478530884
0.30964258313179016,0.7229979634284973,0.6192851662635803,0.5540040731430054
0.3384891450405121,0.6203359365463257,0.145016610622406,0.2439408004283905
0.4317563772201538,0.6022725701332092,0.4182877838611603,0.48910030722618103
0.3491060733795166,0.3195427656173706,0.6457266807556152,0.3083335757255554
0.5289246439933777,0.5028865933418274,0.8618804216384888,0.8067871332168579
0.2762787342071533,0.5245084762573242,0.5525574684143066,0.47968462109565735
0.5127706527709961,0.46336430311203003,0.8556272983551025,0.9267286062240601
0.48040875792503357,0.8281090259552002,0.4969854950904846,0.24856698513031006
0.4993612766265869,0.5970660448074341,0.1833655834197998,0.3464776277542114
0.2278684377670288,0.6825191378593445,0.38287585973739624,0.634961724281311
0.7353877425193787,0.42770475149154663,0.5190881490707397,0.8554095029830933
0.45733147859573364,0.3113723397254944,0.5244852304458618,0.6227446794509888
0.4984472990036011,0.48639917373657227,0.7415456771850586,0.9513036012649536
0.08552590012550354,0.6132015585899353,0.16020941734313965,0.15674090385437012
0.8660715222358704,0.39299142360687256,0.2549830675125122,0.5703458786010742
0.25543007254600525,0.547942042350769,0.5108601450920105,0.2701427936553955
0.7254902124404907,0.6612368822097778,0.49329590797424316,0.6111868619918823
0.6777381896972656,0.5035786032676697,0.631422758102417,0.8768662214279175
0.22584453225135803,0.6468645334243774,0.45168906450271606,0.5379948616027832
0.7933841347694397,0.5604809522628784,0.3351999521255493,0.23745262622833252
0.20174089074134827,0.39238205552101135,0.3689599633216858,0.7847641110420227
0.704252302646637,0.5192070603370667,0.5592178106307983,0.7017278671264648
0.5819220542907715,0.5497856140136719,0.42044904828071594,0.3549816608428955
0.49586817622184753,0.49141016602516174,0.47541898488998413,0.641502320766449
0.6002973914146423,0.5502994656562805,0.15326225757598877,0.2627124786376953
0.5786709189414978,0.6290622353553772,0.2226637601852417,0.3274918794631958
0.3343864679336548,0.488308310508728,0.47750818729400635,0.4566119909286499
0.3775597810745239,0.5398233532905579,0.7073333263397217,0.8476864099502563
0.4663715362548828,0.5745545029640198,0.6273928880691528,0.7787994146347046
0.46302399039268494,0.4455355703830719,0.3542833924293518,0.613875687122345
0.5821723341941833,0.49555504322052,0.6796115636825562,0.6853523254394531
0.6754810214042664,0.8184326887130737,0.49576297402381897,0.35001516342163086
0.29996800422668457,0.7709516882896423,0.12780237197875977,0.2878929376602173
0.5481296181678772,0.5612879991531372,0.5166922807693481,0.323199063539505
0.8574895858764648,0.4851812422275543,0.2850208878517151,0.482658326625824
0.16271306574344635,0.6528045535087585,0.23827102780342102,0.11748647689819336
0.49905702471733093,0.6389760971069336,0.3818501830101013,0.2952694892883301
0.3656328320503235,0.8146209120750427,0.15364277362823486,0.13143610954284668
0.5537136197090149,0.6201845407485962,0.46658456325531006,0.4012550115585327
0.5342276096343994,0.349261999130249,0.3252381980419159,0.33230578899383545
0.7108830213546753,0.8719892501831055,0.3601672649383545,0.22540628910064697
0.17941515147686005,0.702778697013855,0.3588303029537201,0.42124927043914795
0.32980161905288696,0.544908881187439,0.6170002222061157,0.7052030563354492
0.5097697377204895,0.31809696555137634,0.8595618009567261,0.38380080461502075
0.6186612248420715,0.5484274625778198,0.2263880968093872,0.3018646240234375
0.2689046561717987,0.38890114426612854,0.49323421716690063,0.7440748810768127
0.45805516839027405,0.3494777977466583,0.9161103367805481,0.6920000910758972
0.4767589867115021,0.5587766170501709,0.9285458922386169,0.44256114959716797
0.474211722612381,0.4661983847618103,0.7446615099906921,0.6700001955032349
0.30373698472976685,0.48806554079055786,0.6064993143081665,0.9761310815811157
0.4983629286289215,0.579108476638794,0.996725857257843,0.785029411315918
0.5534543991088867,0.349696546792984,0.5412025451660156,0.21095652878284454
0.7287963032722473,0.4465087652206421,0.3658984899520874,0.6729986667633057
0.49106255173683167,0.7348690629005432,0.9821251034736633,0.5187293291091919
0.17308911681175232,0.6358522176742554,0.34617823362350464,0.7282955646514893
0.4907093346118927,0.49816352128982544,0.9789974093437195,0.9211862087249756
0.7683818340301514,0.8416334986686707,0.3016906976699829,0.24058735370635986
0.8454674482345581,0.823681652545929,0.3090651035308838,0.34139907360076904
0.5028927326202393,0.6591766476631165,0.762913703918457,0.5319489240646362
0.5013136863708496,0.7137343287467957,0.15473246574401855,0.17330074310302734
0.081845223903656,0.41714081168174744,0.14196866750717163,0.32819753885269165
