00016,0,0.9999641180038452
00018,0,0.9925204515457153
00019,0,0.8401315212249756
00023,0,0.6232237815856934
00030,0,0.9496761560440063
00036,0,0.993196964263916
00039,0,0.8344581127166748
00040,0,0.5007080435752869
00048,0,0.9871875047683716
00060,0,0.5832850337028503
00086,0,0.6986917853355408
00092,0,0.9934004545211792
00096,0,0.7092874050140381
00098,0,0.6455149054527283
00099,0,0.8210766911506653
00100,0,0.9182558655738831
00115,0,0.5947540998458862
00121,0,0.8388668298721313
00135,0,0.9957428574562073
00148,0,0.9974117875099182
00153,0,0.9916553497314453
00160,0,0.8178282976150513
00161,0,0.7704368829727173
00163,0,0.9986546039581299
00174,0,0.655705451965332
00177,0,0.8156348466873169
00181,0,0.9855421781539917
00186,0,0.8542462587356567
00190,0,0.9949546456336975
00193,0,0.750313401222229
00194,0,0.530256986618042
00195,0,0.8937661051750183
00202,0,0.9731248617172241
00206,0,0.7371799349784851
00209,0,0.6491096615791321
00211,0,0.9533889293670654
00214,0,0.978065550327301
00232,0,0.610978901386261
00236,0,0.5431851148605347
00246,0,0.8404068946838379
00265,0,0.9421090483665466
00267,0,0.8986802101135254
00278,0,0.6191738247871399
00281,0,0.9925209283828735
00284,0,0.9993371367454529
00286,0,0.9917685985565186
00291,0,0.9155762195587158
00294,0,0.5226819515228271
00298,0,0.7798100709915161
00300,0,0.5317493081092834
00301,0,0.9927840232849121
00306,0,0.9847837686538696
00313,0,0.9810299873352051
00328,0,0.9598432779312134
00329,0,0.7953580617904663
00337,0,0.9884418845176697
00345,0,0.5172379612922668
00357,0,0.9945882558822632
00359,0,0.9649333953857422
00379,0,0.9974811673164368
00380,0,0.9881695508956909
00387,0,0.5487123727798462
00392,0,0.8509951233863831
00406,0,0.8448915481567383
00407,0,0.8254693746566772
00412,0,0.5134344100952148
00414,0,0.7828148007392883
00428,0,0.9973437190055847
00430,0,0.799576997756958
00432,0,0.6741162538528442
00435,0,0.5066553354263306
00437,0,0.9946317672729492
00438,0,0.9792363047599792
00439,0,0.9957295060157776
00442,0,0.97481369972229
00448,0,0.9984357953071594
00450,0,0.9996185302734375
00457,0,0.9913378953933716
00458,0,0.9528210759162903
00463,0,0.8089256882667542
00466,0,0.8226780891418457
00475,0,0.9525061249732971
00481,0,0.9972572922706604
00482,0,0.9827736616134644
00489,0,0.9699501395225525
00490,0,0.9974550604820251
00491,0,0.9970663189888
00494,0,0.9987402558326721
00495,0,0.9699884057044983
00497,0,0.9769194722175598
00512,0,0.9460787773132324
00513,0,0.8051294088363647
00526,0,0.996780276298523
00529,0,0.9996234178543091
00533,0,0.9976814985275269
00534,0,0.9979426264762878
00536,0,0.5975764393806458
00538,0,0.9783490300178528
00546,0,0.9906892776489258
00547,0,0.6363771557807922
00551,0,0.9782001376152039
00561,0,0.8715083599090576
00562,0,0.9999370574951172
00564,0,0.9986768364906311
00566,0,0.506547212600708
00567,0,0.854617714881897
00571,0,0.9515495896339417
00583,0,0.9759811758995056
00584,0,0.9268186688423157
00590,0,0.9820772409439087
00596,0,0.9995180368423462
00600,0,0.8619483709335327
00632,0,0.8784295916557312
00635,0,0.9948868155479431
00637,0,0.9896342754364014
00644,0,0.9859650135040283
00648,0,0.9869869947433472
00653,0,0.9986408352851868
00660,0,0.9993348717689514
00673,0,0.9937798380851746
00683,0,0.9641464352607727
00684,0,0.9950154423713684
00690,0,0.9969898462295532
00692,0,0.9211393594741821
00695,0,0.9308138489723206
00701,0,0.9137211441993713
00716,0,0.9703486561775208
00719,0,0.9540845155715942
00741,0,0.9112573862075806
00747,0,0.8917302489280701
00764,0,0.9590169787406921
00768,0,0.9978669881820679
00774,0,0.9736071825027466
00778,0,0.6571499109268188
00779,0,0.9828870892524719
00789,0,0.9751275777816772
00791,0,0.9270007610321045
00795,0,0.9981575608253479
00802,0,0.9704717993736267
00807,0,0.6798004508018494
00816,0,0.9989142417907715
00819,0,0.5040876865386963
00825,0,0.9713162779808044
00827,0,0.9642203450202942
00828,0,0.7944381833076477
00831,0,0.9973781108856201
00839,0,0.9073802828788757
00841,0,0.9968672394752502
00845,0,0.9974791407585144
00850,0,0.8642237782478333
00851,0,0.9994832277297974
00853,0,0.999832034111023
00858,0,0.9981539845466614
00860,0,0.9335672855377197
00861,0,0.9783447980880737
00862,0,0.9958380460739136
00864,0,0.9489479660987854
00866,0,0.9468036890029907
00873,0,0.9834015369415283
00874,0,0.9989172220230103
00877,0,0.9616742730140686
00884,0,0.9213939309120178
00885,0,0.9963627457618713
00889,0,0.9845016598701477
00894,0,0.984928548336029
00899,0,0.952534556388855
00919,0,0.7126055955886841
00928,0,0.9403064250946045
00931,0,0.9922004342079163
00933,0,0.9881259202957153
00936,0,0.984928548336029
00938,0,0.911657989025116
00944,0,0.9985964894294739
00945,0,0.9985964894294739
00949,0,0.9756526947021484
00954,0,0.8897448778152466
00958,0,0.9747539758682251
00964,0,0.8043813705444336
00968,0,0.9649103283882141
00981,0,0.9927881360054016
00989,0,0.7391599416732788
00997,0,0.9941843152046204
01000,0,0.5454922914505005
01002,0,0.5206175446510315
01005,0,0.6515204906463623
01018,0,0.884330689907074
01021,0,0.9943220615386963
01043,0,0.9979409575462341
01060,0,0.5181347131729126
01062,0,0.889322817325592
01066,0,0.6137686967849731
01090,0,0.7208130955696106
01091,0,0.6453098654747009
01106,0,0.6469139456748962
01155,0,0.5232688188552856
01157,0,0.8301678895950317
01159,0,0.9960401058197021
01164,0,0.9954642653465271
01171,0,0.9869548678398132
01179,0,0.8903110027313232
01181,0,0.9838795065879822
01182,0,0.990664005279541
01189,0,0.9846301674842834
01192,0,0.5655749440193176
01196,0,0.891681969165802
01200,0,0.5306275486946106
01218,0,0.997008740901947
01223,0,0.9824503660202026
01225,0,0.9901096820831299
01229,0,0.9944509863853455
01231,0,0.9955199956893921
01242,0,0.9886779189109802
01244,0,0.8189638257026672
01247,0,0.6690493226051331
01251,0,0.980822741985321
01257,0,0.9729983806610107
01264,0,0.7291041016578674
01273,0,0.5166139602661133
01277,0,0.5791572332382202
01281,0,0.5961160063743591
01285,0,0.9919061660766602
01287,0,0.5477026104927063
01289,0,0.9691897034645081
01295,0,0.999546229839325
01312,0,0.8423437476158142
01314,0,0.7946057915687561
01315,0,0.9774182438850403
01320,0,0.7827202081680298
01323,0,0.5443688631057739
01340,0,0.9636175632476807
01343,0,0.9965333938598633
01355,0,0.8479681611061096
01359,0,0.9862669706344604
01363,0,0.9750569462776184
01367,0,0.9852604269981384
01374,0,0.7808301448822021
01377,0,0.9450671672821045
01380,0,0.9985194802284241
01383,0,0.9723891615867615
01390,0,0.8400068283081055
01391,0,0.5913485288619995
01395,0,0.9967838525772095
01408,0,0.5485811829566956
01418,0,0.5714393258094788
01421,0,0.9425959587097168
01423,0,0.9663541316986084
01424,0,0.9916793704032898
01426,0,0.9550721645355225
01428,0,0.9813756942749023
01431,0,0.6011117100715637
01435,0,0.9239366054534912
01436,0,0.9832444190979004
01440,0,0.7525608539581299
01449,0,0.939419686794281
01453,0,0.5099393129348755
01454,0,0.6705021262168884
01456,0,0.9377087950706482
01466,0,0.7596411108970642
01467,0,0.5779419541358948
01471,0,0.9811103343963623
01484,0,0.8134073615074158
01487,0,0.8724249005317688
01489,0,0.9901617765426636
01491,0,0.6017500758171082
01502,0,0.5233209133148193
01505,0,0.9484103322029114
01512,0,0.9649937748908997
01514,0,0.9907386302947998
01518,0,0.5654996633529663
01520,0,0.6512497067451477
01521,0,0.997922956943512
01526,0,0.9974339604377747
01530,0,0.9629614949226379
01545,0,0.9318133592605591
01552,0,0.5878308415412903
01556,0,0.9650107622146606
01562,0,0.9808214902877808
01571,0,0.8637627959251404
01578,0,0.8699578046798706
01586,0,0.5828378796577454
01593,0,0.9980657696723938
01599,0,0.9912243485450745
01603,0,0.9787557125091553
01604,0,0.9995071887969971
01605,0,0.7222249507904053
01618,0,0.6218459010124207
01622,0,0.9851258993148804
01627,0,0.9189484715461731
01629,0,0.5936616659164429
01633,0,0.9845764636993408
01638,0,0.7969362139701843
01643,0,0.9949658513069153
01645,0,0.9951992630958557
01652,0,0.5592460632324219
01653,0,0.9984265565872192
01658,0,0.6360543370246887
01661,0,0.7406445741653442
01664,0,0.9965793490409851
01690,0,0.8092579245567322
01694,0,0.912269115447998
01723,0,0.9798040390014648
01741,0,0.9991180300712585
01745,0,0.8939241170883179
01749,0,0.9853600859642029
01763,0,0.9109141230583191
01766,0,0.7328741550445557
01783,0,0.9397010803222656
01785,0,0.6080583930015564
01793,0,0.5517931580543518
01795,0,0.7036970853805542
01796,0,0.9116973280906677
01799,0,0.9584617614746094
01803,0,0.5334416627883911
01811,0,0.9974809288978577
01832,0,0.565061092376709
01837,0,0.9234426021575928
01839,0,0.9851258993148804
01844,0,0.9916211366653442
01846,0,0.9947295784950256
01847,0,0.9553539752960205
01848,0,0.9934874773025513
01855,0,0.9261407852172852
01862,0,0.9921030402183533
01863,0,0.5186189413070679
01883,0,0.9897580146789551
01886,0,0.9986646175384521
01888,0,0.5457465052604675
01890,0,0.5188202857971191
01891,0,0.9625458121299744
01896,0,0.9974492192268372
01905,0,0.7869328260421753
01908,0,0.955335259437561
01916,0,0.9880069494247437
01924,0,0.6329441070556641
01925,0,0.7469218373298645
01926,0,0.9821824431419373
01927,0,0.5962597131729126
01937,0,0.5409417748451233
01947,0,0.5375059247016907
01948,0,0.970116376876831
01960,0,0.9985249638557434
01965,0,0.57489013671875
01971,0,0.9919232726097107
01979,0,0.9637909531593323
01992,0,0.6488250494003296
01993,0,0.9954138398170471
01996,0,0.9071857929229736
02003,0,0.9743048548698425
02005,0,0.9872847199440002
02006,0,0.5487123727798462
02014,0,0.9781864285469055
02017,0,0.986668586730957
02021,0,0.8697212934494019
02029,0,0.6494855284690857
02039,0,0.9825442433357239
02048,0,0.9671435952186584
02052,0,0.9956274032592773
02055,0,0.9939931035041809
02056,0,0.5076727867126465
02873,0,0.5477870106697083
03102,0,0.7053240537643433
03590,0,0.5357235074043274
